filename
106
107
108
109
110
111
112
113
114
115
116
117
118
119
120
121
122
123
124
125
126
127
128
129
130
131
132
133
134
135
137
138
139
140
141
142
143
144
145
146
147
148
149
150
151
152
153
156
157
158
164
166
167
169
173
174
175
176
178
180
181
184
186
187
188
189
190
191
192
193
194
195
196
198
201
202
203
204
206
207
208
209
211
212
213
214
217
218
219
220
223
224
225
226
227
228
229
231
232
233
235
240
241
243
244
245
246
247
248
249
250
251
252
254
255
256
257
258
260
261
264
265
266
267
278
283
286
294
295
297
298
303
305
308
309
312
316
321
323
324
325
326
327
328
329
331
332
334
335
336











































