filename
185
199
200
221
237
253
268
272
279
280
281
282
290
299
301
302
304
307
311
319
320
322
337
338
339
340
341
342
345
346
347
348
349
350
351
352
357
359
360
361
362
363
364
366
368
369
370
371
372
373
374
375
377
378
379
381
383
384
385
386
388
389
390
391
393
394
395
398
399
400
401
402
403
404
405
406
407
408
409
410
412
413
414
415
416
417
418
419
420
423
424
425
426
427
428
434
436
437
439
440
441
443
450
451
453
454
455
456
457
458
459
460
461
462
464
465
467
468
469
470
472
473
474
475
476
477
478
479
480
481
482
483
484
485
486
487
488
489
490
491
492
493
494
495
496
497
498
499
500
501
502
503
504
505
507
508
509
510
511
512
513
514
515
517
522
523
524
525
526
527
528
529
530
531
532
533
535
536
537
539
540
541
542
544
545
546
549
550
556
558
559
560
561
563
564
565
566
568
569
570
571
572
573
574
575
577
578
579
580
581
583
584
585
586
588
590
591
592
593
595
596
597
599
600
601
602
603
604
605
606
607
608
610
611
612
613
614
615
616
617
619
624
625
628
629
630
632
633
634
635