03
04
12
13
14
15
24
25
26
35
36
48
50
127
128
129
133
134
135
137
138
139
141
142
143
146
208
209
217
227
229
231
235
256
258
278
346
351
379
389
147
148
149
150
151
152
153
156
157
158
164
166
167
169
173
174
175
176
178
180
181
184
186
187
188
189
190
191
192
193
194
195
196
198
201
202
203
204
206
207
211
212
213
214
218
219
220
223
224
225
226
228
232
233
240
241
243
244
245
246
247
248
249
250
251
252
255
257
17
21
22
53
54
71
90
126
130
131
132
140
144
145
27
28
30
31
32
33
34
260
261
264
265
266
267
283
286
294
297
298
303
305
308
309
66
323
324
325
326
327
328
329
67
332
334
335
336
337
68
99
342
345
347
348
349
350
352
104
359
360
361
366
368
369
370
371
372
373
374
375
377
378
381
383
384
385
386
388
390
391
393
394
395
398
185
199
200
221
237
253
268
272
279
280
281
282
290
299
301
302
304
307
311
319
320
322
338
341
399
400
401
402
403
404
405
406
407
408
409
410
412
413
414
415
416
417
418
419
420
423
424
425
426
427
428
434
436
437
439
440
441
443
450
451
453
454
455
456
457
458
459
460
461
462
464
465
467
468
469
470
472
473
474
475
476
477
478
479
480
481
482
483
484
485
486
487
488
489
490
491
492
493
494
495
496
497
498
499
500
501
502
503
504
505
507
508
509
510
511
512
513
514
515
517
522
523
524
525
526
527
528
529
530
531
532
533
535
536
537
539
540
541
542
544
545
546
549
550
556
558
559
560
561
563
564
565
566
568
569
570
571
572
573
574
575
577
578
579
580
581
583
584
585
586
588
590
591
592
593
595
596
597
599
600
601
602
603
604
605
606
607
608
610
611
612
613
614
615
616
617
619
624
625
628
629
630
632
633
634
635